1111111111111111111100000000000000000
0000000000000000000010000000000000000
1111111111111111111010000000000000000
0000000000000000001000000000000000000
1111111111111111111010000000000000000
1111111111111111111100000000000000000
0000000000000000000000000000000000000
0000000000000000000000000000000000000
1111111111111111111000000000000000000
0000000000000000000010000000000000000
1111111111111111111110000000000000000
1111111111111111111110000000000000000
1111111111111111111110000000000000000
1111111111111111110010000000000000000
1111111111111111111100000000000000000
0000000000000000000010000000000000000
