1111111000111111000000000000000000000
0000001011110101000110000000000000000
1111111111111111111100000000000000000
0000000000000000001000000000000000000
0000000000000000000100000000000000000
0000000111100010111010000000000000000
1111111010100011001010000000000000000
0000000000000000000100000000000000000
0000000000000000001000000000000000000
1111111111111111111110000000000000000
1111110111110001101100000000000000000
1111111000110011010110000000000000000
1111111111111111111010000000000000000
1111111111111111111110000000000000000
0000000000000000000010000000000000000
1111111000111011001000000000000000000
