000000001111000100
001001100010101101
111110011101101110
111000110111110111
001000111010000111
000001011110011000
110011000100110000
000010111100011110
000111100011100101
001000110010010110
000100110111010100
001001110101100101
001001010001010111
001011010001011010
111111000001010001
001000101100001111
000110101011011111
001000110101110110
000000110101000010
110110001000011110
001101101100101011
001110111111000011
000000111100111100
000010101000001011
001111010010110010
000011100100110100
000010110001001101
111100101001110001
000010101111000100
010000100011100101
001011110111011010
001010011101100101
001001010101001001
000101110000001110
000000101100000010
000011010011110010
001001101110011010
001101001111110110
000000111101110111
111110100000110001
010001101111100011
111111101011000011
000001100000101111
001111100100011100
001001010000000010
000100110100010110
010000110100101110
111100101110100101
001010000100110110
000100000001011010
111111111110000110
000000100101111110
000100010101110000
000101001100001011
111101000100110100
111110111111110010
000110101110011010
110011000100101011
001000101100101111
001010000011101011
000001101000011110
010000001101000000
001011101101101111
000011100110000111
000001100010010001
111101100101100011
110110100101110000
110111111000110100
001110011111000010
000011011111011100
000011010001111001
001011111001101000
000101110101010110
001111010010010110
000101111101100010
111000101101001001
111110001100101010
111111010111101010
001110111001000111
001110011110010100
010001111001110000
000010101111110111
111101010000111110
001110011000000101
111110101000100010
001110011110010010
000000001000110100
001010010010010010
000100000101000100
001011011101100000
001011100011011011
000111111001010011
111110101011110010
111001100101110000
000110110110000110
110011000011001100
001101000111011101
001000000001111011
000001111111110100
001001011001010110
111110100001001000
001100111010100101
001111111001010100
001000011010000010
111000110000110111
000111000110101010
111010110101010110
010001010000100011
001010111110010100
001110011101110101
111001101001000111
110110010111010110
001000100011110110
110000001110100011
000011101001101100
001011111110000100
000111111100111111
010001101001000010
000001000110001011
111110100010011101
111001001111010000
000001010001010000
111111111111111001
110010110111100101
111101010101000000
111111111110111001
110110000001111110
000111011000110011
