000110111101010011
111000001001001100
001001001111101100
001110100110101000
111101011010000000
000000010100000100
000010011011011000
000101111110111000
001100001111101111
000101111101111111
001110100100010100
001100111001010111
111110000000111101
001000101010100110
000000011000110101
000110100101001010
000000101011111100
000010001010100110
000100001010111101
000110100010101101
000111100001111011
111100000100001011
000101000011100110
010010110110010111
000110101110111100
001110001111001001
000011001111001101
001011011100000010
000011000111001000
000011001000100111
001010001000000111
001010111011101010
110011010000000100
001010000110101001
001110110110001111
001101110011001110
111010010011111001
111110010010111110
000000101000110011
001110001110011111
111010100011101011
001111000010001101
000110100110101111
001100111011101111
000001110010010011
001000000100100000
000010011100101011
001100011001000111
111010001001000010
000010011110010011
000001000110101110
001100010110110100
001001101100111100
000001100011100010
001110000101011001
000000111011001101
111000011110111110
000010000010111101
000100110001101010
001011010110100011
001000011001010011
111111011110011100
000001111111000111
000101101010100101
001011101100000001
001110110110000000
001111010101100010
001110111110101110
111011101011101110
001001011110111110
010001001100010001
001001101011110000
001110001101101111
111100011101100010
001110110100010100
000111101100001110
001111111111110101
001001100010100011
000100000000000100
111110010101101001
001001111100001101
010001100011010110
001101010010111101
111000001000000110
000100111100111111
111111101111010000
000111001011100111
001110000100011111
110110001100011101
001110000011101110
000110101101011001
001100111110110100
000111100111011111
001000100001111011
111111100101010001
000011110010111100
110111110011000000
001111101011110100
001001000110000101
001110011000101000
001110011010100010
001010101011110010
111110011100110000
000110001100101010
010001111100110001
001000010111000101
000101111010000000
111100000110111010
111110101001000011
001011101001000011
000011111010100110
001000111000001111
001101001110001101
001000111010111100
001000100011110010
000011011001000000
001111100001111000
000001101010011101
110100101000101101
000110110110110101
001000100000101001
001110101001011111
000000011101000010
001001010110000010
001110110010000011
010001110011101000
001000100000110010
010001011001101001
