000110111101100100
001100010111000101
001001010111110100
010000010000000000
001001010001110110
000001100000011111
001101001001101111
000110101010110001
001110011000111100
001010100111110101
001111010110111100
010000001110000111
001001011110110110
001110001101111101
000001000011100001
001010111001101110
000110101101110000
001001000110100110
000100010000001110
001011110101110001
001111101000011011
001111011111100110
000101001001010101
010011000010000010
010000101101011111
001110101011011011
000100010000101010
001011111010101110
000100001001001010
010000110110011011
001111100110010111
001111001000011101
001111110011001010
001011101000001000
001110110111010011
001110001100010011
001011010001000111
001101010110110111
000001001010001010
001110010011011110
010010100011110001
001111000010011001
000110110001101101
010100001111011001
001001011011000000
001001011001100101
010001000000000100
001100110100010011
001011101001111110
000100101110001101
000001000110110010
001100010111101110
001010101000010001
000101011010110010
001110011000100111
000001010111010111
001010000101100000
001101000101101001
001001111011000111
001111001010101100
001000100011011011
010000001101100101
001011111000011111
000110101101011111
001011110010011101
001111000010011110
010001111111100110
010001000010010101
001111000111010110
001010000110110111
010001100000000111
001111010101111100
001111010111011000
001111101100001110
001111111110001100
001010100110011101
010000000110010101
001001100011111100
001111011010111011
001110100100011000
010100011110100011
010001110001000100
001101100100110011
010000011001000101
000101001000110110
001110011110011111
000111001011101010
010001011011011101
001010100111101111
010010001000110110
001101010111000110
001111001100011011
000111101110110010
001010101010111100
000110110110111101
001101011111110000
001111011110001010
010001100111110000
001001010100000000
010001001011101010
001110011111011011
010000110000110001
001111111110001001
001010011100011101
010011010110101001
001010111110001101
000111110110010011
010001101100010110
001011000011101010
010010100100011010
000111011101111001
001101000110100110
001111110000000110
010010000111110010
001001010011100100
001100011100001100
010001011100101010
010001101110000100
001011011010101010
000111000000101110
001010110111101011
001110101101000001
000000011101000000
010000000111011111
001111000001011010
010001110011100110
001101000111000000
010010111001110111
