111111111111111101
111111111111111100
111111111111111101
111111111111111100
000000000000000000
111111111111111111
111111111111111110
000000000000000001
111111111111111010
000000000000000001
000000000000000001
111111111111111100
000000000000000011
111111111111111111
111111111111111111
111111111111111101
000000000000000001
111111111111111111
111111111111111111
111111111111111110
000000000000000101
111111111111111101
111111111111111110
000000000000000001
000000000000000010
000000000000000011
111111111111111111
000000000000000100
111111111111111110
111111111111111011
111111111111111111
111111111111111111
111111111111111111
000000000000000010
111111111111111011
000000000000000001
111111111111111100
111111111111111111
111111111111111110
000000000000000101
111111111111111110
000000000000000101
111111111111111110
111111111111111100
111111111111111111
111111111111111110
111111111111111001
111111111111111101
000000000000000100
111111111111111110
000000000000000001
000000000000000100
111111111111111111
000000000000000001
000000000000000001
000000000000000000
000000000000000000
111111111111111111
000000000000000011
111111111111111110
111111111111111100
111111111111110111
111111111111111011
000000000000000001
000000000000000010
111111111111111001
000000000000000111
111111111111111011
000000000000000100
000000000000000000
000000000000000010
000000000000000101
111111111111111001
111111111111111110
000000000000000110
111111111111111110
111111111111111011
111111111111111101
000000000000000111
111111111111111011
111111111111111101
111111111111111100
111111111111111100
000000000000000110
000000000000000001
000000000000000001
000000000000000001
000000000000000001
111111111111111011
000000000000000001
000000000000000001
111111111111111000
111111111111111111
111111111111111101
000000000000000000
000000000000000010
000000000000000010
111111111111111101
000000000000000001
111111111111111101
111111111111111010
111111111111111011
000000000000000000
000000000000000100
111111111111111100
111111111111111100
000000000000000000
111111111111111001
111111111111111110
111111111111111000
000000000000000010
000000000000000101
000000000000000010
000000000000000010
000000000000000000
111111111111111011
000000000000000101
111111111111111011
111111111111111100
000000000000000001
000000000000000010
000000000000000101
000000000000000010
111111111111111001
111111111111111011
000000000000000000
000000000000000100
111111111111111110
