000001111111001010
000100011101111001
001001010111110100
001111100000110111
001000111110100000
000000010011000110
001100110011110110
000011101110100100
001100111010011110
000110001101001011
001101110100010001
001011111101000011
001000111001100110
000010001011101111
000000111101010111
000001111100010000
000000101101101000
000001101110000101
000011100111001000
001011011010000110
001000111101001010
000000001100110111
000001001001101101
001111011110011111
001001000101101111
000011010000001011
000100000010011000
001011111001101011
000011001000001000
001001010011010100
001111100001010011
001101100011001010
000011110101100111
000111111001101000
001001111010110101
001101010000111000
000010100000100011
000000010011000001
000001000111101101
000111110010000001
001001101100111000
001001000110100000
000101000100111111
001111110100010110
001001010001101010
000110000101010001
001000110100001011
001011111011001110
001010101101010011
000100001111010010
000001000011111011
000101111010111110
001010000100110101
000011010111001110
001100000010110101
000001000100001001
000100001010100100
001100111000000100
000011000110000101
001010001110110100
001000011001010001
001110110011000000
000100001101100111
000001000011100011
001011110000101101
001100010110101101
001110100001100111
001110111010010110
000000001110010010
000011101111111111
001001110111100101
001111001011110011
001111001100111111
001000111010000001
001110101001100101
001010010000111110
000110001111011000
000111110001101010
001001101010110100
001000110010101111
001110110100011010
001110101100110010
000110010100010111
001111011010011000
000010110010001000
000010000001010111
000010001010010101
001000000101110011
000000010110000011
001111001010101110
001101001110111110
000000001111011000
000010110100011011
000101010100000010
000010000110001001
001100111100111011
000101100001000001
001111000010101011
001001010011111111
001110000011111011
001101100001000001
001110011111001000
000111010110111011
001000101111011101
001100110001110001
000100100100100101
000111110110000001
001001100101011111
000000001111111010
001001011111101110
000110111100000101
001100111010101111
000101000010110100
001110010010010100
001001001111101110
000010111100011011
001100100110110110
001001110010101110
000000110111001101
000110101110010010
001010110111010111
001110101100101001
000000000000011010
001111101000001101
000110000001101000
001111100101001010
001001101011001111
001101010000101111
