000110101011000010
001011100001100111
000000000000000111
000100110101100110
000010010110010010
000001011110100100
000010111110101111
000101100001110111
000110010110010011
001000100111110000
000110101101010000
001010111101101011
000011010001010111
001110000011001100
000000011100000011
001010101110100100
000110101011010100
001000111100000110
000010001111110000
000011001010110111
001100110011111110
001111011111100000
000101000000111101
001011000100111100
001110000001011011
001110010100000101
000001010111000101
000000100111111111
000010101101111010
001110000011001110
000001100100101101
000110101111001110
001111010100111000
001000100001111110
001011000100011111
000101000011000110
001010111110111111
001101010110101010
000000010010101111
001100000000001001
001111110100100110
001011111110001000
000100011111001011
001100101000001110
000001101001101101
000111001010101001
001110100010011010
000100101100101010
000100100110101100
000010000101001010
000000010011110101
001010110111001000
000011011000101101
000100001111111011
000111110111011000
000000110110101001
001001001011111001
000010010110010000
001001011011011101
001011001100100011
000001101000110011
000110101000000000
001011000111000100
000110101000001000
000000110011001010
001000100100110001
001010100111101110
001000001111010000
001111000111010001
001001011000101000
001110011101000101
000010001100110010
000010001110101000
001100111010110001
000110010111001110
000010101001010101
001110110101110001
000101100100000111
001100000000110101
001011100111011011
001110001000100000
001001111110101001
001100000000111110
000101100101010001
000100010100011010
001110010101011001
000110110110010111
001111011100000000
001010100111010111
001001111100100111
000001110101100000
001111001100010010
000111001100101101
001001010000010001
000110100001111100
000011110010101110
001110011101000100
001001001011011101
000000000010111100
001001110111111101
000101001110011111
001000011011101101
001110001011001101
000101101101110110
001110100010010110
001001111110010101
000000010000001101
001110110111110000
001011000011011111
001111111101010001
000010110000011111
000010001100011011
001110111010111111
001011001001100011
000001000011100101
001100000101100110
001100000011111110
001110110001001011
001011011000100110
000001111111010000
000000010100010111
000000011010110110
000000011100111111
000011111100001000
001101110000101011
001000100111110001
001000110110000110
001101011110001111
